Perturb (i=100)
100.000.000 Durchläufe
75.982.181 wurden abgebrochen (ca. 76%)

Daten:
53.7418 51.3946 49.3206 48.6944 47.0902 44.7317 39.2359 35.5521 32.3692 28.7912 25.1388 22.4463 21.2116 20.3122 20.191 20.4083 21.708 23.837 27.3566 40.3577 47.5774 56.6948 62.0462 70.2966 69.6956 67.0227 64.3912 64.6863 70.3881 78.8327 72.8704 52.7238 55.7402 59.0367 46.5747 45.2142 39.5453 33.2152 31.8685 25.3491 26.7665 23.8637 21.9463 25.2227 28.6173 29.3175 31.4698 36.1121 41.8954 45.7331 48.4869 52.4233 55.5015 59.3432 64.8261 69.377 77.7875 78.8295 79.7877 79.9516 79.2633 76.0896 75.0808 70.5361 46.9585 49.6043 49.7066 52.9821 53.5274 53.7334 55.043 53.7135 51.375 49.8847 47.7096 24.4176 25.7375 27.0624 55.3728 58.4007 60.6052 63.0474 63.1467 64.1467 64.2256 65.3207 69.6457 70.3932 74.8621 78.0925 79.6876 79.9438 79.9134 79.7369 79.3612 79.116 77.1077 78.1929 64.9431 67.2819 65.4659 66.7588 64.7288 64.7492 69.3116 68.2971 65.8399 64.4475 62.2217 59.9517 58.8094 55.8628 52.5614 50.8197 49.6331 49.2639 51.2561 51.9998 54.2059 56.2392 53.6543 53.1121 52.0928 51.8534 53.0016 55.5579 57.358 58.1934 60.539 62.5622 66.2356 68.4839 70.4355 63.9172 64.658 63.5725 37.9274 39.9312 79.2789 50.886 50.7444 48.6149

92.785 91.4376 89.6572 85.6707 82.7244 79.5338 78.0024 76.2918 74.2725 71.2177 66.7905 61.8656 58.4398 54.3171 53.3798 54.9327 59.978 60.4938 66.7943 78.4082 79.902 79.2435 77.4753 72.0918 72.6293 74.7028 76.3229 76.1594 72.0074 58.287 30.585 20.1239 20.5543 21.3934 20.1962 20.3842 21.8806 25.135 26.0992 32.9023 31.021 35.2728 49.3306 33.0859 28.9577 28.269 26.4069 23.4082 21.1155 20.305 20.0382 20.098 20.5088 21.492 23.9196 27.0974 38.6926 41.7017 46.4376 48.2974 56.6076 64.8098 66.4606 71.8693 79.8454 79.9974 79.9986 79.8514 79.7919 79.7668 79.5731 79.7693 79.9685 79.9998 79.9124 65.6698 67.6446 69.3357 95.9495 94.8435 94.471 90.9107 87.5672 82.9173 79.1553 75.793 72.6726 72.0027 66.7892 60.5267 54.3181 51.8355 47.7216 46.0358 43.8419 42.7708 37.1481 30.9936 23.9865 25.4778 24.2938 25.1174 23.8645 23.8761 27.0422 26.2257 24.5226 23.708 22.6024 21.6987 21.3226 20.5785 20.1096 20.0112 20.0022 20.009 20.0263 20.0667 20.2963 20.656 20.2234 19.0146 18.6291 13.2395 17.2267 18.0162 17.7943 17.6375 16.7095 17.7165 15.2073 15.6417 14.086 14.6212 9.46551 6.64004 22.5364 21.7401 43.462 91.7658 89.9509 86.8018




Perturb (i=1000)
10.000.000 Durchläufe (ca. 7 %)
7.357.123 

Daten:
55.4598 52.4345 49.5901 48.1153 48.1783 44.5733 38.1712 36.1123 31.7614 29.1688 25.3377 22.4877 21.0821 20.4396 20.1519 20.6755 21.2068 22.5607 27.2586 38.6977 49.6214 52.7855 59.3442 71.1876 68.8076 66.3733 65.2851 64.0642 70.0905 76.2311 72.0751 51.4334 54.8487 61.4428 46.8644 44.2988 39.8303 34.0352 30.5423 26.4453 24.3668 24.883 24.2989 26.0103 27.3282 29.6546 31.9539 35.4265 40.9818 44.3158 49.2688 52.3593 56.2106 60.5646 65.1835 67.5556 76.6893 78.7491 79.6722 79.8999 79.4834 76.2036 74.6055 70.2116 47.2409 48.2907 51.4112 52.2841 54.0089 54.4087 54.747 53.6263 51.6415 49.7767 47.8197 23.9043 26.0353 28.881 55.9262 58.1967 61.8492 62.4191 65.4984 64.4662 65.1936 65.7657 68.6161 71.9783 75.1979 78.2117 79.3918 79.9569 79.8814 79.8746 79.2274 78.2895 76.8954 79.8283 69.6582 66.9301 66.4656 66.2696 65.1136 64.3528 69.3036 67.7553 65.3928 64.4833 61.5426 60.6091 59.4037 54.9902 52.6121 50.6581 50.292 48.043 50.6959 52.0956 55.0272 55.9044 54.042 53.7886 52.3301 52.2581 53.6468 54.2866 57.0282 58.8227 60.6072 62.5794 65.7564 68.6373 70.6587 62.8313 64.8074 64.473 37.556 39.1776 78.9105 50.6881 49.7788 48.9688

93.2445 91.4551 89.8095 86.2857 83.498 79.5051 77.5695 76.5919 73.8192 71.5884 67.0812 61.9614 57.9849 55.117 53.0156 56.3305 58.4234 59.5505 63.113 76.5583 79.9976 79.8704 78.5077 71.2388 73.3725 75.1379 75.814 76.499 72.2794 64.5578 29.6852 20.0343 20.3944 22.268 20.1643 20.5467 21.7763 24.6007 27.1659 31.4211 34.4135 33.5946 52.3448 31.9863 30.3534 27.9531 26.0346 23.7776 21.3875 20.5434 20.0089 20.0929 20.6499 21.9217 24.1261 25.673 36.3003 41.4274 45.577 47.5513 55.5436 64.6073 67.1631 72.1696 79.8729 79.9513 79.9668 79.9129 79.7309 79.8094 79.6221 79.78 79.9551 79.9992 79.9207 64.7991 68.047 71.307 96.3076 95.4686 93.3114 89.3025 87.6272 82.1086 78.7617 75.5234 73.5253 70.4194 66.2809 60.2029 56.0102 51.6067 47.3356 47.2601 43.2353 40.0149 35.3359 33.1617 27.3383 25.2337 24.9224 24.7949 24.0852 23.6562 27.0355 25.8184 24.25 23.7277 22.3094 21.9385 21.5119 20.4179 20.1139 20.0072 20.0014 20.0639 20.0081 20.0733 20.4242 20.5868 20.2735 20.2402 18.7676 13.0508 16.4181 18.0334 17.6312 17.1358 17.0655 15.6455 16.7104 14.6219 14.3727 14.3334 9.96725 6.60899 22.7026 22.0201 41.9886 91.3215 90.5448 86.9969


Perturb (i=2000)
10.000.000 Durchläufe